NODES 101

NODE_COORD
01  0041 0049
02  0035 0017
03  0055 0045
04  0055 0020
05  0015 0030
06  0025 0030
07  0020 0050
08  0010 0043
09  0055 0060
10  0030 0060
11  0020 0065
12  0050 0035
13  0030 0025
14  0015 0010
15  0030 0005
16  0010 0020
17  0005 0030
18  0020 0040
19  0015 0060
20  0045 0065
21  0045 0020
22  0045 0010
23  0055 0005
24  0065 0035
25  0065 0020
26  0045 0030
27  0035 0040
28  0041 0037
29  0064 0042
30  0040 0060
31  0031 0052
32  0035 0069
33  0053 0052
34  0065 0055
35  0063 0065
36  0002 0060
37  0020 0020
38  0005 0005
39  0060 0012
40  0040 0025
41  0042 0007
42  0024 0012
43  0023 0003
44  0011 0014
45  0006 0038
46  0002 0048
47  0008 0056
48  0013 0052
49  0006 0068
50  0047 0047
51  0049 0058
52  0027 0043
53  0037 0031
54  0057 0029
55  0063 0023
56  0053 0012
57  0032 0012
58  0036 0026
59  0021 0024
60  0017 0034
61  0012 0024
62  0024 0058
63  0027 0069
64  0015 0077
65  0062 0077
66  0049 0073
67  0067 0005
68  0056 0039
69  0037 0047
70  0037 0056
71  0057 0068
72  0047 0016
73  0044 0017
74  0046 0013
75  0049 0011
76  0049 0042
77  0053 0043
78  0061 0052
79  0057 0048
80  0056 0037
81  0055 0054
82  0015 0047
83  0014 0037
84  0011 0031
85  0016 0022
86  0004 0018
87  0028 0018
88  0026 0052
89  0026 0035
90  0031 0067
91  0015 0019
92  0022 0022
93  0018 0024
94  0026 0027
95  0025 0024
96  0022 0027
97  0025 0021
98  0019 0021
99  0020 0026
100 0018 0018
101 0035 0035
