NODES 028

NODE_COORD
01  0096 0044
02  0050 0005
03  0049 0008
04  0013 0007
05  0029 0089
06  0058 0030
07  0084 0039
08  0014 0024
09  0002 0039
10  0003 0082
11  0005 0010
12  0098 0052
13  0084 0025
14  0061 0059
15  0001 0065
16  0088 0051
17  0091 0002
18  0019 0032
19  0093 0003
20  0050 0093
21  0098 0014
22  0005 0042
23  0042 0009
24  0061 0062
25  0009 0097
26  0080 0055
27  0057 0069
28  0023 0015

01  0096 0044
02  0050 0005
03  0049 0008
04  0013 0007
05  0029 0089
06  0058 0030
07  0084 0039
08  0014 0024
09  0002 0039
10  0003 0082
11  0005 0010
12  0098 0052
13  0084 0025
14  0061 0059
15  0001 0065
16  0088 0051
17  0091 0002
18  0019 0032
19  0093 0003
20  0050 0093
21  0098 0014
22  0005 0042
23  0042 0009
24  0061 0062
25  0009 0097
26  0080 0055
27  0057 0069
28  0023 0015
